10  84   82   52   80   96   85   75   75   82   87  92   89   57   94   93   92   63   99   87

 72   73   56   74   50   84   62   72   55   86   75  74  100   83   60   53   68   89   67  66

 65   72   94   73   54   98   96   85   75   75   82   87  92   89  84   82   52   80   96   85   75   75   82   87  92   89   57   94   93   92   63   99   87

 72   73   56   74   50   84   62   72   55   86   75  74  100   83   60   53   68   89   67  66

 65   72   94   73   54   98   96   85   75   75   82   87  92   89  84   82   52   80   96   85   75   75   82   87  92   89   57   94   93   92   63   99   87

 72   73   56   74   50   84   62   72   55   86   75  74  100   83   60   53   68   89   67  66

 65   72   94   73   54   98   96   85   75   75   82   87  92   89  84   82   52   80   96   85   75   75   82   87  92   89   57   94   93   92   63   99   87

 72   73   56   74   50   84   62   72   55   86   75  74  100   83   60   53   68   89   67  66

 65   72   94   73   54   98   96   85   75   75   82   87  92   89  84   82   52   80   96   85   75   75   82   87  92   89   57   94   93   92   63   99   87

 72   73   56   74   50   84   62   72   55   86   75  74  100   83   60   53   68   89   67  66

 65   72   94   73   54   98   96   85   75   75   82   87  92   89  84   82   52   80   96   85   75   75   82   87  92   89   57   94   93   92   63   99   87

 72   73   56   74   50   84   62   72   55   86   75  74  100   83   60   53   68   89   67  66

 65   72   94   73   54   98   96   85   75   75   82   87  92   89  84   82   52   80   96   85   75   75   82   87  92   89   57   94   93   92   63   99   87

 72   73   56   74   50   84   62   72   55   86   75  74  100   83   60   53   68   89   67  66

 65   72   94   73   54   98   96   85   75   75   82   87  92   89  84   82   52   80   96   85   75   75   82   87  92   89   57   94   93   92   63   99   87

 72   73   56   74   50   84   62   72   55   86   75  74  100   83   60   53   68   89   67  66

 65   72   94   73   54   98   96   85   75   75   82   87  92   89  84   82   52   80   96   85   75   75   82   87  92   89   57   94   93   92   63   99   87

 72   73   56   74   50   84   62   72   55   86   75  74  100   83   60   53   68   89   67  66

 65   72   94   73   54   98   96   85   75   75   82   87  92   89  84   82   52   80   96   85   75   75   82   87  92   89   57   94   93   92   63   99   87

 72   73   56   74   50   84   62   72   55   86   75  74  100   83   60   53   68   89   67  66

 65   72   94   73   54   98   96   85   75   75   82   87  92   89  84   82   52   80   96   85   75   75   82   87  92   89   57   94   93   92   63   99   87

 72   73   56   74   50   84   62   72   55   86   75  74  100   83   60   53   68   89   67  66

 65   72   94   73   54   98   96   85   75   75   82   87  92   89  84   82   52   80   96   85   75   75   82   87  92   89   57   94   93   92   63   99   87

 72   73   56   74   50   84   62   72   55   86   75  74  100   83   60   53   68   89   67  66

 65   72   94   73   54   98   96   85   75   75   82   87  92   89  84   82   52   80   96   85   75   75   82   87  92   89   57   94   93   92   63   99   87

 72   73   56   74   50   84   62   72   55   86   75  74  100   83   60   53   68   89   67  66

 65   72   94   73   54   98   96   85   75   75   82   87  92   89  84   82   52   80   96   85   75   75   82   87  92   89   57   94   93   92   63   99   87

 72   73   56   74   50   84   62   72   55   86   75  74  100   83   60   53   68   89   67  66

 65   72   94   73   54   98   96   85   75   75   82   87  92   89  84   82   52   80   96   85   75   75   82   87  92   89   57   94   93   92   63   99   87

 72   73   56   74   50   84   62   72   55   86   75  74  100   83   60   53   68   89   67  66

 65   72   94   73   54   98   96   85   75   75   82   87  92   89  84   82   52   80   96   85   75   75   82   87  92   89   57   94   93   92   63   99   87

 72   73   56   74   50   84   62   72   55   86   75  74  100   83   60   53   68   89   67  66

 65   72   94   73   54   98   96   85   75   75   82   87  92   89  84   82   52   80   96   85   75   75   82   87  92   89   57   94   93   92   63   99   87

 72   73   56   74   50   84   62   72   55   86   75  74  100   83   60   53   68   89   67  66

 65   72   94   73   54   98   96   85   75   75   82   87  92   89  84   82   52   80   96   85   75   75   82   87  92   89   57   94   93   92   63   99   87

 72   73   56   74   50   84   62   72   55   86   75  74  100   83   60   53   68   89   67  66

 65   72   94   73   54   98   96   85   75   75   82   87  92   89 